0 0 0 0.0 X -3.33 4.76
1 0 1 90.0 A -0.61 1.04
2 0 2 90.0 A 0.0 0.69
3 0 3 90.0 A -0.61 5.29
4 0 4 0.0 X -3.33 4.76
5 0 5 90.0 A 0.61 5.29
6 0 6 90.0 A 1.23 4.23
7 0 7 90.0 A 0.61 1.04
8 0 8 0.0 X -3.33 4.76
9 0 9 90.0 A 4.28 -3.18
10 0 10 90.0 A 3.05 -3.18
11 0 11 90.0 A 0.59 -1.05
12 0 12 0.0 X -3.33 4.76
13 0 13 90.0 A 1.21 0.01
14 0 14 90.0 A 0.59 -0.34
15 0 15 90.0 A 4.89 -2.12
16 0 16 0.0 X -3.33 4.76
17 0 17 90.0 A -0.59 -1.05
18 0 18 90.0 A -0.59 -0.34
19 0 19 90.0 A -4.28 -3.18
20 0 20 0.0 X -3.33 4.76
21 0 21 90.0 A -4.89 -2.12
22 0 22 90.0 A -4.28 -1.05
23 0 23 90.0 A -1.21 0.01
24 0 24 90.0 B 0.0 -3.85
25 0 25 90.0 B 1.23 -5.98
26 0 26 90.0 B -1.84 -5.62
27 0 27 90.0 B -3.33 1.92
28 0 28 90.0 B -5.79 1.92
29 0 29 90.0 B 3.33 1.92
30 0 30 90.0 B 4.56 4.05
31 0 31 90.0 B 5.79 1.22
32 1 0 0.0 X -3.33 4.76
33 1 1 150.0 B -1.23 1.4
34 1 2 150.0 B -0.61 1.75
35 1 3 150.0 B 0.0 2.1
36 1 4 0.0 X -3.33 4.76
37 1 5 150.0 A 0.61 5.29
38 1 6 150.0 A 1.23 4.23
39 1 7 150.0 A 0.61 1.04
40 1 8 0.0 X -3.33 4.76
41 1 9 150.0 A 4.28 -3.18
42 1 10 150.0 A 3.05 -3.18
43 1 11 150.0 A 0.59 -1.05
44 1 12 0.0 X -3.33 4.76
45 1 13 150.0 B 1.82 0.37
46 1 14 150.0 B 1.82 -0.34
47 1 15 150.0 B 1.82 -1.05
48 1 16 0.0 X -3.33 4.76
49 1 17 150.0 B -0.59 -1.76
50 1 18 150.0 B -1.21 -1.41
51 1 19 150.0 B -1.82 -1.05
52 1 20 0.0 X -3.33 4.76
53 1 21 150.0 A -4.89 -2.12
54 1 22 150.0 A -4.28 -1.05
55 1 23 150.0 A -1.21 0.01
56 1 24 150.0 A 0.0 -3.85
57 1 25 150.0 A 1.23 -5.98
58 1 26 150.0 A -1.84 -5.62
59 1 27 150.0 A -3.33 1.92
60 1 28 150.0 A -5.79 1.92
61 1 29 150.0 A 3.33 1.92
62 1 30 150.0 A 4.56 4.05
63 1 31 150.0 A 5.79 1.22
64 2 0 90.0 B -2.46 3.52
65 2 1 90.0 B -1.84 3.88
66 2 2 90.0 B -1.23 4.94
67 2 3 0.0 X -3.33 4.76
68 2 4 90.0 B 0.0 6.36
69 2 5 90.0 B 0.61 4.59
70 2 6 90.0 B 0.61 1.75
71 2 7 90.0 B 1.23 1.4
72 2 8 90.0 B 5.51 -3.18
73 2 9 90.0 B 3.66 -2.82
74 2 10 90.0 B 1.21 -1.41
75 2 11 90.0 B 0.59 -1.76
76 2 12 90.0 B 4.28 0.37
77 2 13 90.0 B 4.28 -0.34
78 2 14 90.0 B 4.89 -1.41
79 2 15 0.0 X -3.33 4.76
80 2 16 90.0 B -1.82 -3.89
81 2 17 90.0 B -2.44 -3.53
82 2 18 90.0 B -3.66 -3.53
83 2 19 0.0 X -3.33 4.76
84 2 20 90.0 B -5.51 -3.18
85 2 21 90.0 B -4.28 -1.76
86 2 22 90.0 B -1.82 -0.34
87 2 23 90.0 B -1.82 0.37
88 2 24 90.0 A 0.0 -3.85
89 2 25 90.0 A 1.23 -5.98
90 2 26 90.0 A -1.84 -5.62
91 2 27 90.0 A -3.33 1.92
92 2 28 90.0 A -5.79 1.92
93 2 29 90.0 A 3.33 1.92
94 2 30 90.0 A 4.56 4.05
95 2 31 90.0 A 5.79 1.22
96 3 0 0.0 X -3.33 4.76
97 3 1 150.0 A -0.61 1.04
98 3 2 150.0 A 0.0 0.69
99 3 3 150.0 A -0.61 5.29
100 3 4 150.0 A 0.0 6.36
101 3 5 150.0 B 0.61 5.29
102 3 6 150.0 B 1.23 4.23
103 3 7 150.0 B 0.61 1.04
104 3 8 150.0 A 5.51 -3.18
105 3 9 150.0 B 4.28 -3.18
106 3 10 150.0 B 3.05 -3.18
107 3 11 150.0 B 0.59 -1.05
108 3 12 0.0 X -3.33 4.76
109 3 13 150.0 A 1.21 0.01
110 3 14 150.0 A 0.59 -0.34
111 3 15 150.0 A 4.89 -2.12
112 3 16 0.0 X -3.33 4.76
113 3 17 150.0 A -0.59 -1.05
114 3 18 150.0 A -0.59 -0.34
115 3 19 150.0 A -4.28 -3.18
116 3 20 150.0 A -5.51 -3.18
117 3 21 150.0 B -4.89 -2.12
118 3 22 150.0 B -4.28 -1.05
119 3 23 150.0 B -1.21 0.01
120 3 24 150.0 B 0.0 -3.85
121 3 25 150.0 B 1.23 -5.98
122 3 26 150.0 B -1.84 -5.62
123 3 27 150.0 B -3.33 1.92
124 3 28 150.0 B -5.79 1.92
125 3 29 150.0 B 3.33 1.92
126 3 30 150.0 B 4.56 4.05
127 3 31 150.0 B 5.79 1.22
128 4 0 90.0 A -2.46 3.52
129 4 1 90.0 A -1.84 3.88
130 4 2 90.0 A -1.23 4.94
131 4 3 90.0 B -0.61 6.0
132 4 4 90.0 A 0.0 6.36
133 4 5 90.0 A 0.61 4.59
134 4 6 90.0 A 0.61 1.75
135 4 7 90.0 A 1.23 1.4
136 4 8 90.0 A 5.51 -3.18
137 4 9 90.0 A 3.66 -2.82
138 4 10 90.0 A 1.21 -1.41
139 4 11 90.0 A 0.59 -1.76
140 4 12 90.0 A 4.28 0.37
141 4 13 90.0 A 4.28 -0.34
142 4 14 90.0 A 4.89 -1.41
143 4 15 90.0 B 5.51 -2.47
144 4 16 90.0 A -1.82 -3.89
145 4 17 90.0 A -2.44 -3.53
146 4 18 90.0 A -3.66 -3.53
147 4 19 90.0 B -4.89 -3.53
148 4 20 90.0 A -5.51 -3.18
149 4 21 90.0 A -4.28 -1.76
150 4 22 90.0 A -1.82 -0.34
151 4 23 90.0 A -1.82 0.37
152 4 24 90.0 B 2.46 -5.98
153 4 25 90.0 B 1.23 -5.27
154 4 26 90.0 B -1.23 -5.27
155 4 27 90.0 B -6.4 0.86
156 4 28 90.0 B -5.18 1.57
157 4 29 90.0 B 3.95 5.12
158 4 30 90.0 B 3.95 3.7
159 4 31 90.0 B 5.18 1.57
160 5 0 0.0 X -3.33 4.76
161 5 1 150.0 B -0.61 1.04
162 5 2 150.0 B 0.0 0.69
163 5 3 150.0 B -0.61 5.29
164 5 4 150.0 B 0.0 6.36
165 5 5 150.0 A 0.61 4.59
166 5 6 150.0 A 0.61 1.75
167 5 7 150.0 A 1.23 1.4
168 5 8 150.0 B 5.51 -3.18
169 5 9 150.0 A 3.66 -2.82
170 5 10 150.0 A 1.21 -1.41
171 5 11 150.0 A 0.59 -1.76
172 5 12 0.0 X -3.33 4.76
173 5 13 150.0 B 1.21 0.01
174 5 14 150.0 B 0.59 -0.34
175 5 15 150.0 B 4.89 -2.12
176 5 16 0.0 X -3.33 4.76
177 5 17 150.0 B -0.59 -1.05
178 5 18 150.0 B -0.59 -0.34
179 5 19 150.0 B -4.28 -3.18
180 5 20 150.0 B -5.51 -3.18
181 5 21 150.0 A -4.28 -1.76
182 5 22 150.0 A -1.82 -0.34
183 5 23 150.0 A -1.82 0.37
184 5 24 150.0 A 2.46 -5.98
185 5 25 150.0 A 1.23 -5.27
186 5 26 150.0 A -1.23 -5.27
187 5 27 150.0 A -6.4 0.86
188 5 28 150.0 A -5.18 1.57
189 5 29 150.0 A 3.95 5.12
190 5 30 150.0 A 3.95 3.7
191 5 31 150.0 A 5.18 1.57
192 6 0 90.0 B -2.46 2.81
193 6 1 90.0 B -1.84 4.59
194 6 2 90.0 B -1.23 5.65
195 6 3 90.0 A -0.61 6.0
196 6 4 90.0 B 0.0 5.65
197 6 5 90.0 B 0.61 3.17
198 6 6 90.0 B 1.23 2.1
199 6 7 90.0 B 1.84 1.75
200 6 8 90.0 B 4.89 -2.82
201 6 9 90.0 B 2.44 -2.12
202 6 10 90.0 B 1.21 -2.12
203 6 11 90.0 B 0.59 -2.47
204 6 12 90.0 B 3.66 0.72
205 6 13 90.0 B 4.89 -0.7
206 6 14 90.0 B 5.51 -1.76
207 6 15 90.0 A 5.51 -2.47
208 6 16 90.0 B -1.21 -3.53
209 6 17 90.0 B -3.05 -3.89
210 6 18 90.0 B -4.28 -3.89
211 6 19 90.0 A -4.89 -3.53
212 6 20 90.0 B -4.89 -2.82
213 6 21 90.0 B -3.05 -1.05
214 6 22 90.0 B -2.44 0.01
215 6 23 90.0 B -2.44 0.72
216 6 24 90.0 A 2.46 -5.98
217 6 25 90.0 A 1.23 -5.27
218 6 26 90.0 A -1.23 -5.27
219 6 27 90.0 A -6.4 0.86
220 6 28 90.0 A -5.18 1.57
221 6 29 90.0 A 3.95 5.12
222 6 30 90.0 A 3.95 3.7
223 6 31 90.0 A 5.18 1.57
224 7 0 150.0 A -2.46 3.52
225 7 1 150.0 A -1.84 3.88
226 7 2 150.0 A -1.23 4.94
227 7 3 150.0 A -0.61 6.0
228 7 4 150.0 A 0.0 5.65
229 7 5 150.0 B 0.61 4.59
230 7 6 150.0 B 0.61 1.75
231 7 7 150.0 B 1.23 1.4
232 7 8 150.0 A 4.89 -2.82
233 7 9 150.0 B 3.66 -2.82
234 7 10 150.0 B 1.21 -1.41
235 7 11 150.0 B 0.59 -1.76
236 7 12 150.0 A 4.28 0.37
237 7 13 150.0 A 4.28 -0.34
238 7 14 150.0 A 4.89 -1.41
239 7 15 150.0 A 5.51 -2.47
240 7 16 150.0 A -1.82 -3.89
241 7 17 150.0 A -2.44 -3.53
242 7 18 150.0 A -3.66 -3.53
243 7 19 150.0 A -4.89 -3.53
244 7 20 150.0 A -4.89 -2.82
245 7 21 150.0 B -4.28 -1.76
246 7 22 150.0 B -1.82 -0.34
247 7 23 150.0 B -1.82 0.37
248 7 24 150.0 B 2.46 -5.98
249 7 25 150.0 B 1.23 -5.27
250 7 26 150.0 B -1.23 -5.27
251 7 27 150.0 B -6.4 0.86
252 7 28 150.0 B -5.18 1.57
253 7 29 150.0 B 3.95 5.12
254 7 30 150.0 B 3.95 3.7
255 7 31 150.0 B 5.18 1.57
256 8 0 90.0 A -2.46 2.81
257 8 1 90.0 A -1.84 4.59
258 8 2 90.0 A -1.23 5.65
259 8 3 90.0 B -0.61 4.59
260 8 4 90.0 A 0.0 5.65
261 8 5 90.0 A 0.61 3.17
262 8 6 90.0 A 1.23 2.1
263 8 7 90.0 A 1.84 1.75
264 8 8 90.0 A 4.89 -2.82
265 8 9 90.0 A 2.44 -2.12
266 8 10 90.0 A 1.21 -2.12
267 8 11 90.0 A 0.59 -2.47
268 8 12 90.0 A 3.66 0.72
269 8 13 90.0 A 4.89 -0.7
270 8 14 90.0 A 5.51 -1.76
271 8 15 90.0 B 4.28 -1.76
272 8 16 90.0 A -1.21 -3.53
273 8 17 90.0 A -3.05 -3.89
274 8 18 90.0 A -4.28 -3.89
275 8 19 90.0 B -3.66 -2.82
276 8 20 90.0 A -4.89 -2.82
277 8 21 90.0 A -3.05 -1.05
278 8 22 90.0 A -2.44 0.01
279 8 23 90.0 A -2.44 0.72
280 8 24 90.0 B 2.46 -5.27
281 8 25 90.0 B 0.61 -4.91
282 8 26 90.0 B -0.61 -4.91
283 8 27 90.0 B -5.79 0.51
284 8 28 90.0 B -4.56 1.92
285 8 29 90.0 B 3.33 4.76
286 8 30 90.0 B 3.95 2.99
287 8 31 90.0 B 4.56 1.92
288 9 0 150.0 B -2.46 3.52
289 9 1 150.0 B -1.84 3.88
290 9 2 150.0 B -1.23 4.94
291 9 3 150.0 B -0.61 6.0
292 9 4 150.0 B 0.0 5.65
293 9 5 150.0 A 0.61 3.17
294 9 6 150.0 A 1.23 2.1
295 9 7 150.0 A 1.84 1.75
296 9 8 150.0 B 4.89 -2.82
297 9 9 150.0 A 2.44 -2.12
298 9 10 150.0 A 1.21 -2.12
299 9 11 150.0 A 0.59 -2.47
300 9 12 150.0 B 4.28 0.37
301 9 13 150.0 B 4.28 -0.34
302 9 14 150.0 B 4.89 -1.41
303 9 15 150.0 B 5.51 -2.47
304 9 16 150.0 B -1.82 -3.89
305 9 17 150.0 B -2.44 -3.53
306 9 18 150.0 B -3.66 -3.53
307 9 19 150.0 B -4.89 -3.53
308 9 20 150.0 B -4.89 -2.82
309 9 21 150.0 A -3.05 -1.05
310 9 22 150.0 A -2.44 0.01
311 9 23 150.0 A -2.44 0.72
312 9 24 150.0 A 2.46 -5.27
313 9 25 150.0 A 0.61 -4.91
314 9 26 150.0 A -0.61 -4.91
315 9 27 150.0 A -5.79 0.51
316 9 28 150.0 A -4.56 1.92
317 9 29 150.0 A 3.33 4.76
318 9 30 150.0 A 3.95 2.99
319 9 31 150.0 A 4.56 1.92
320 10 0 90.0 B -2.46 4.23
321 10 1 90.0 B -1.84 5.29
322 10 2 90.0 B -1.23 4.23
323 10 3 90.0 A -0.61 4.59
324 10 4 90.0 B 0.0 4.94
325 10 5 90.0 B 0.61 2.46
326 10 6 90.0 B 1.84 2.46
327 10 7 90.0 B 2.46 4.94
328 10 8 90.0 B 4.28 -2.47
329 10 9 90.0 B 1.82 -1.76
330 10 10 90.0 B 1.21 -2.82
331 10 11 90.0 B 3.05 -4.6
332 10 12 90.0 B 4.89 0.01
333 10 13 90.0 B 5.51 -1.05
334 10 14 90.0 B 4.28 -1.05
335 10 15 90.0 A 4.28 -1.76
336 10 16 90.0 B -2.44 -4.24
337 10 17 90.0 B -3.66 -4.24
338 10 18 90.0 B -3.05 -3.18
339 10 19 90.0 A -3.66 -2.82
340 10 20 90.0 B -4.28 -2.47
341 10 21 90.0 B -2.44 -0.7
342 10 22 90.0 B -3.05 0.37
343 10 23 90.0 B -5.51 -0.34
344 10 24 90.0 A 2.46 -5.27
345 10 25 90.0 A 0.61 -4.91
346 10 26 90.0 A -0.61 -4.91
347 10 27 90.0 A -5.79 0.51
348 10 28 90.0 A -4.56 1.92
349 10 29 90.0 A 3.33 4.76
350 10 30 90.0 A 3.95 2.99
351 10 31 90.0 A 4.56 1.92
352 11 0 150.0 A -2.46 2.81
353 11 1 150.0 A -1.84 4.59
354 11 2 150.0 A -1.23 5.65
355 11 3 150.0 A -0.61 4.59
356 11 4 150.0 A 0.0 4.94
357 11 5 150.0 B 0.61 3.17
358 11 6 150.0 B 1.23 2.1
359 11 7 150.0 B 1.84 1.75
360 11 8 150.0 A 4.28 -2.47
361 11 9 150.0 B 2.44 -2.12
362 11 10 150.0 B 1.21 -2.12
363 11 11 150.0 B 0.59 -2.47
364 11 12 150.0 A 3.66 0.72
365 11 13 150.0 A 4.89 -0.7
366 11 14 150.0 A 5.51 -1.76
367 11 15 150.0 A 4.28 -1.76
368 11 16 150.0 A -1.21 -3.53
369 11 17 150.0 A -3.05 -3.89
370 11 18 150.0 A -4.28 -3.89
371 11 19 150.0 A -3.66 -2.82
372 11 20 150.0 A -4.28 -2.47
373 11 21 150.0 B -3.05 -1.05
374 11 22 150.0 B -2.44 0.01
375 11 23 150.0 B -2.44 0.72
376 11 24 150.0 B 2.46 -5.27
377 11 25 150.0 B 0.61 -4.91
378 11 26 150.0 B -0.61 -4.91
379 11 27 150.0 B -5.79 0.51
380 11 28 150.0 B -4.56 1.92
381 11 29 150.0 B 3.33 4.76
382 11 30 150.0 B 3.95 2.99
383 11 31 150.0 B 4.56 1.92
384 12 0 90.0 A -2.46 4.23
385 12 1 90.0 A -1.84 5.29
386 12 2 90.0 A -1.23 4.23
387 12 3 90.0 B -0.61 3.88
388 12 4 90.0 A 0.0 4.94
389 12 5 90.0 A 0.61 2.46
390 12 6 90.0 A 1.84 2.46
391 12 7 90.0 A 2.46 4.94
392 12 8 90.0 A 4.28 -2.47
393 12 9 90.0 A 1.82 -1.76
394 12 10 90.0 A 1.21 -2.82
395 12 11 90.0 A 3.05 -4.6
396 12 12 90.0 A 4.89 0.01
397 12 13 90.0 A 5.51 -1.05
398 12 14 90.0 A 4.28 -1.05
399 12 15 90.0 B 3.66 -1.41
400 12 16 90.0 A -2.44 -4.24
401 12 17 90.0 A -3.66 -4.24
402 12 18 90.0 A -3.05 -3.18
403 12 19 90.0 B -3.05 -2.47
404 12 20 90.0 A -4.28 -2.47
405 12 21 90.0 A -2.44 -0.7
406 12 22 90.0 A -3.05 0.37
407 12 23 90.0 A -5.51 -0.34
408 12 24 90.0 B 1.84 -4.91
409 12 25 90.0 B 0.61 -5.62
410 12 26 90.0 B 0.0 -4.56
411 12 27 90.0 B -5.18 0.86
412 12 28 90.0 B -5.18 2.28
413 12 29 90.0 B 3.33 4.05
414 12 30 90.0 B 4.56 3.34
415 12 31 90.0 B 3.95 2.28
416 13 0 150.0 B -2.46 2.81
417 13 1 150.0 B -1.84 4.59
418 13 2 150.0 B -1.23 5.65
419 13 3 150.0 B -0.61 4.59
420 13 4 150.0 B 0.0 4.94
421 13 5 150.0 A 0.61 2.46
422 13 6 150.0 A 1.84 2.46
423 13 7 150.0 A 2.46 4.94
424 13 8 150.0 B 4.28 -2.47
425 13 9 150.0 A 1.82 -1.76
426 13 10 150.0 A 1.21 -2.82
427 13 11 150.0 A 3.05 -4.6
428 13 12 150.0 B 3.66 0.72
429 13 13 150.0 B 4.89 -0.7
430 13 14 150.0 B 5.51 -1.76
431 13 15 150.0 B 4.28 -1.76
432 13 16 150.0 B -1.21 -3.53
433 13 17 150.0 B -3.05 -3.89
434 13 18 150.0 B -4.28 -3.89
435 13 19 150.0 B -3.66 -2.82
436 13 20 150.0 B -4.28 -2.47
437 13 21 150.0 A -2.44 -0.7
438 13 22 150.0 A -3.05 0.37
439 13 23 150.0 A -5.51 -0.34
440 13 24 150.0 A 1.84 -4.91
441 13 25 150.0 A 0.61 -5.62
442 13 26 150.0 A 0.0 -4.56
443 13 27 150.0 A -5.18 0.86
444 13 28 150.0 A -5.18 2.28
445 13 29 150.0 A 3.33 4.05
446 13 30 150.0 A 4.56 3.34
447 13 31 150.0 A 3.95 2.28
448 14 0 90.0 B -2.46 2.1
449 14 1 90.0 B -1.84 3.17
450 14 2 90.0 B -1.23 3.52
451 14 3 90.0 A -0.61 3.88
452 14 4 90.0 B 0.0 4.23
453 14 5 90.0 B 1.23 3.52
454 14 6 90.0 B 1.84 5.29
455 14 7 0.0 X -3.33 4.76
456 14 8 90.0 B 3.66 -2.12
457 14 9 90.0 B 2.44 -2.82
458 14 10 90.0 B 3.66 -4.24
459 14 11 0.0 X -3.33 4.76
460 14 12 90.0 B 3.05 1.07
461 14 13 90.0 B 3.66 0.01
462 14 14 90.0 B 3.66 -0.7
463 14 15 90.0 A 3.66 -1.41
464 14 16 90.0 B -0.59 -3.18
465 14 17 90.0 B -1.82 -3.18
466 14 18 90.0 B -2.44 -2.82
467 14 19 90.0 A -3.05 -2.47
468 14 20 90.0 B -3.66 -2.12
469 14 21 90.0 B -3.66 -0.7
470 14 22 90.0 B -5.51 -1.05
471 14 23 0.0 X -3.33 4.76
472 14 24 90.0 A 1.84 -4.91
473 14 25 90.0 A 0.61 -5.62
474 14 26 90.0 A 0.0 -4.56
475 14 27 90.0 A -5.18 0.86
476 14 28 90.0 A -5.18 2.28
477 14 29 90.0 A 3.33 4.05
478 14 30 90.0 A 4.56 3.34
479 14 31 90.0 A 3.95 2.28
480 15 0 150.0 A -2.46 4.23
481 15 1 150.0 A -1.84 5.29
482 15 2 150.0 A -1.23 4.23
483 15 3 150.0 A -0.61 3.88
484 15 4 150.0 A 0.0 4.23
485 15 5 150.0 B 0.61 2.46
486 15 6 150.0 B 1.84 2.46
487 15 7 150.0 B 2.46 4.94
488 15 8 150.0 A 3.66 -2.12
489 15 9 150.0 B 1.82 -1.76
490 15 10 150.0 B 1.21 -2.82
491 15 11 150.0 B 3.05 -4.6
492 15 12 150.0 A 4.89 0.01
493 15 13 150.0 A 5.51 -1.05
494 15 14 150.0 A 4.28 -1.05
495 15 15 150.0 A 3.66 -1.41
496 15 16 150.0 A -2.44 -4.24
497 15 17 150.0 A -3.66 -4.24
498 15 18 150.0 A -3.05 -3.18
499 15 19 150.0 A -3.05 -2.47
500 15 20 150.0 A -3.66 -2.12
501 15 21 150.0 B -2.44 -0.7
502 15 22 150.0 B -3.05 0.37
503 15 23 150.0 B -5.51 -0.34
504 15 24 150.0 B 1.84 -4.91
505 15 25 150.0 B 0.61 -5.62
506 15 26 150.0 B 0.0 -4.56
507 15 27 150.0 B -5.18 0.86
508 15 28 150.0 B -5.18 2.28
509 15 29 150.0 B 3.33 4.05
510 15 30 150.0 B 4.56 3.34
511 15 31 150.0 B 3.95 2.28
512 16 0 90.0 A -2.46 2.1
513 16 1 90.0 A -1.84 3.17
514 16 2 90.0 A -1.23 3.52
515 16 3 90.0 B -0.61 3.17
516 16 4 90.0 A 0.0 4.23
517 16 5 90.0 A 1.23 3.52
518 16 6 90.0 A 1.84 5.29
519 16 7 90.0 A 2.46 2.1
520 16 8 90.0 A 3.66 -2.12
521 16 9 90.0 A 2.44 -2.82
522 16 10 90.0 A 3.66 -4.24
523 16 11 90.0 A 0.59 -3.18
524 16 12 90.0 A 3.05 1.07
525 16 13 90.0 A 3.66 0.01
526 16 14 90.0 A 3.66 -0.7
527 16 15 90.0 B 3.05 -1.05
528 16 16 90.0 A -0.59 -3.18
529 16 17 90.0 A -1.82 -3.18
530 16 18 90.0 A -2.44 -2.82
531 16 19 90.0 B -2.44 -2.12
532 16 20 90.0 A -3.66 -2.12
533 16 21 90.0 A -3.66 -0.7
534 16 22 90.0 A -5.51 -1.05
535 16 23 90.0 A -3.05 1.07
536 16 24 90.0 B 1.23 -4.56
537 16 25 90.0 B 0.0 -5.27
538 16 26 90.0 B -1.23 -4.56
539 16 27 90.0 B -4.56 1.22
540 16 28 90.0 B -4.56 2.63
541 16 29 90.0 B 3.33 3.34
542 16 30 90.0 B 4.56 2.63
543 16 31 90.0 B 4.56 1.22
544 17 0 150.0 B -2.46 4.23
545 17 1 150.0 B -1.84 5.29
546 17 2 150.0 B -1.23 4.23
547 17 3 150.0 B -0.61 3.88
548 17 4 150.0 B 0.0 4.23
549 17 5 150.0 A 1.23 3.52
550 17 6 150.0 A 1.84 5.29
551 17 7 150.0 A 2.46 2.1
552 17 8 150.0 B 3.66 -2.12
553 17 9 150.0 A 2.44 -2.82
554 17 10 150.0 A 3.66 -4.24
555 17 11 150.0 A 0.59 -3.18
556 17 12 150.0 B 4.89 0.01
557 17 13 150.0 B 5.51 -1.05
558 17 14 150.0 B 4.28 -1.05
559 17 15 150.0 B 3.66 -1.41
560 17 16 150.0 B -2.44 -4.24
561 17 17 150.0 B -3.66 -4.24
562 17 18 150.0 B -3.05 -3.18
563 17 19 150.0 B -3.05 -2.47
564 17 20 150.0 B -3.66 -2.12
565 17 21 150.0 A -3.66 -0.7
566 17 22 150.0 A -5.51 -1.05
567 17 23 150.0 A -3.05 1.07
568 17 24 150.0 A 1.23 -4.56
569 17 25 150.0 A 0.0 -5.27
570 17 26 150.0 A -1.23 -4.56
571 17 27 150.0 A -4.56 1.22
572 17 28 150.0 A -4.56 2.63
573 17 29 150.0 A 3.33 3.34
574 17 30 150.0 A 4.56 2.63
575 17 31 150.0 A 4.56 1.22
576 18 0 90.0 B -2.46 4.94
577 18 1 90.0 B -1.84 2.46
578 18 2 90.0 B -1.23 2.81
579 18 3 90.0 A -0.61 3.17
580 18 4 90.0 B 0.0 3.52
581 18 5 90.0 B 1.23 2.81
582 18 6 90.0 B 1.84 3.17
583 18 7 90.0 B 2.46 2.1
584 18 8 90.0 B 3.05 -1.76
585 18 9 90.0 B 1.82 -2.47
586 18 10 90.0 B 1.82 -3.18
587 18 11 90.0 B 0.59 -3.18
588 18 12 90.0 B 5.51 -0.34
589 18 13 90.0 B 3.05 0.37
590 18 14 90.0 B 3.05 -0.34
591 18 15 90.0 A 3.05 -1.05
592 18 16 90.0 B -3.05 -4.6
593 18 17 90.0 B -1.21 -2.82
594 18 18 90.0 B -1.82 -2.47
595 18 19 90.0 A -2.44 -2.12
596 18 20 90.0 B -3.05 -1.76
597 18 21 90.0 B -3.05 -0.34
598 18 22 90.0 B -3.66 0.01
599 18 23 90.0 B -3.05 1.07
600 18 24 90.0 A 1.23 -4.56
601 18 25 90.0 A 0.0 -5.27
602 18 26 90.0 A -1.23 -4.56
603 18 27 90.0 A -4.56 1.22
604 18 28 90.0 A -4.56 2.63
605 18 29 90.0 A 3.33 3.34
606 18 30 90.0 A 4.56 2.63
607 18 31 90.0 A 4.56 1.22
608 19 0 150.0 A -2.46 2.1
609 19 1 150.0 A -1.84 3.17
610 19 2 150.0 A -1.23 3.52
611 19 3 150.0 A -0.61 3.17
612 19 4 150.0 A 0.0 3.52
613 19 5 150.0 B 1.23 3.52
614 19 6 150.0 B 1.84 5.29
615 19 7 150.0 B 2.46 2.1
616 19 8 150.0 A 3.05 -1.76
617 19 9 150.0 B 2.44 -2.82
618 19 10 150.0 B 3.66 -4.24
619 19 11 150.0 B 0.59 -3.18
620 19 12 150.0 A 3.05 1.07
621 19 13 150.0 A 3.66 0.01
622 19 14 150.0 A 3.66 -0.7
623 19 15 150.0 A 3.05 -1.05
624 19 16 150.0 A -0.59 -3.18
625 19 17 150.0 A -1.82 -3.18
626 19 18 150.0 A -2.44 -2.82
627 19 19 150.0 A -2.44 -2.12
628 19 20 150.0 A -3.05 -1.76
629 19 21 150.0 B -3.66 -0.7
630 19 22 150.0 B -5.51 -1.05
631 19 23 150.0 B -3.05 1.07
632 19 24 150.0 B 1.23 -4.56
633 19 25 150.0 B 0.0 -5.27
634 19 26 150.0 B -1.23 -4.56
635 19 27 150.0 B -4.56 1.22
636 19 28 150.0 B -4.56 2.63
637 19 29 150.0 B 3.33 3.34
638 19 30 150.0 B 4.56 2.63
639 19 31 150.0 B 4.56 1.22
640 20 0 90.0 A -2.46 4.94
641 20 1 90.0 A -1.84 2.46
642 20 2 90.0 A -1.23 2.81
643 20 3 90.0 B 0.0 1.4
644 20 4 90.0 A 0.0 3.52
645 20 5 90.0 A 1.23 2.81
646 20 6 90.0 A 1.84 3.17
647 20 7 90.0 B 2.46 4.23
648 20 8 90.0 A 3.05 -1.76
649 20 9 90.0 A 1.82 -2.47
650 20 10 90.0 A 1.82 -3.18
651 20 11 90.0 B 2.44 -4.24
652 20 12 90.0 A 5.51 -0.34
653 20 13 90.0 A 3.05 0.37
654 20 14 90.0 A 3.05 -0.34
655 20 15 90.0 B 1.21 -0.7
656 20 16 90.0 A -3.05 -4.6
657 20 17 90.0 A -1.21 -2.82
658 20 18 90.0 A -1.82 -2.47
659 20 19 90.0 B -1.21 -0.7
660 20 20 90.0 A -3.05 -1.76
661 20 21 90.0 A -3.05 -0.34
662 20 22 90.0 A -3.66 0.01
663 20 23 90.0 B -4.89 0.01
664 20 24 90.0 B 1.84 -5.62
665 20 25 90.0 B 0.0 -5.98
666 20 26 90.0 B -1.84 -4.91
667 20 27 90.0 B -5.79 1.22
668 20 28 90.0 B -5.18 2.99
669 20 29 90.0 B 3.95 4.41
670 20 30 90.0 B 5.18 2.99
671 20 31 90.0 B 5.18 0.86
672 21 0 150.0 B -2.46 2.1
673 21 1 150.0 B -1.84 3.17
674 21 2 150.0 B -1.23 3.52
675 21 3 150.0 B -0.61 3.17
676 21 4 150.0 B 0.0 3.52
677 21 5 150.0 A 1.23 2.81
678 21 6 150.0 A 1.84 3.17
679 21 7 150.0 A 2.46 4.23
680 21 8 150.0 B 3.05 -1.76
681 21 9 150.0 A 1.82 -2.47
682 21 10 150.0 A 1.82 -3.18
683 21 11 150.0 A 2.44 -4.24
684 21 12 150.0 B 3.05 1.07
685 21 13 150.0 B 3.66 0.01
686 21 14 150.0 B 3.66 -0.7
687 21 15 150.0 B 3.05 -1.05
688 21 16 150.0 B -0.59 -3.18
689 21 17 150.0 B -1.82 -3.18
690 21 18 150.0 B -2.44 -2.82
691 21 19 150.0 B -2.44 -2.12
692 21 20 150.0 B -3.05 -1.76
693 21 21 150.0 A -3.05 -0.34
694 21 22 150.0 A -3.66 0.01
695 21 23 150.0 A -4.89 0.01
696 21 24 150.0 A 1.84 -5.62
697 21 25 150.0 A 0.0 -5.98
698 21 26 150.0 A -1.84 -4.91
699 21 27 150.0 A -5.79 1.22
700 21 28 150.0 A -5.18 2.99
701 21 29 150.0 A 3.95 4.41
702 21 30 150.0 A 5.18 2.99
703 21 31 150.0 A 5.18 0.86
704 22 0 90.0 B -1.84 1.75
705 22 1 90.0 B -1.23 2.1
706 22 2 90.0 B -0.61 2.46
707 22 3 90.0 A 0.0 1.4
708 22 4 90.0 B 0.61 3.88
709 22 5 90.0 B 1.23 5.65
710 22 6 90.0 B 1.84 4.59
711 22 7 90.0 A 2.46 4.23
712 22 8 90.0 B 3.05 -2.47
713 22 9 90.0 B 4.28 -3.89
714 22 10 90.0 B 3.05 -3.89
715 22 11 90.0 A 2.44 -4.24
716 22 12 90.0 B 2.44 0.72
717 22 13 90.0 B 2.44 0.01
718 22 14 90.0 B 2.44 -0.7
719 22 15 90.0 A 1.21 -0.7
720 22 16 90.0 B -0.59 -2.47
721 22 17 90.0 B -1.21 -2.12
722 22 18 90.0 B -1.82 -1.76
723 22 19 90.0 A -1.21 -0.7
724 22 20 90.0 B -3.66 -1.41
725 22 21 90.0 B -5.51 -1.76
726 22 22 90.0 B -4.89 -0.7
727 22 23 90.0 A -4.89 0.01
728 22 24 90.0 A 1.84 -5.62
729 22 25 90.0 A 0.0 -5.98
730 22 26 90.0 A -1.84 -4.91
731 22 27 90.0 A -5.79 1.22
732 22 28 90.0 A -5.18 2.99
733 22 29 90.0 A 3.95 4.41
734 22 30 90.0 A 5.18 2.99
735 22 31 90.0 A 5.18 0.86
736 23 0 150.0 A -2.46 4.94
737 23 1 150.0 A -1.84 2.46
738 23 2 150.0 A -1.23 2.81
739 23 3 150.0 A 0.0 1.4
740 23 4 150.0 A 0.61 3.88
741 23 5 150.0 B 1.23 2.81
742 23 6 150.0 B 1.84 3.17
743 23 7 150.0 B 2.46 4.23
744 23 8 150.0 A 3.05 -2.47
745 23 9 150.0 B 1.82 -2.47
746 23 10 150.0 B 1.82 -3.18
747 23 11 150.0 B 2.44 -4.24
748 23 12 150.0 A 5.51 -0.34
749 23 13 150.0 A 3.05 0.37
750 23 14 150.0 A 3.05 -0.34
751 23 15 150.0 A 1.21 -0.7
752 23 16 150.0 A -3.05 -4.6
753 23 17 150.0 A -1.21 -2.82
754 23 18 150.0 A -1.82 -2.47
755 23 19 150.0 A -1.21 -0.7
756 23 20 150.0 A -3.66 -1.41
757 23 21 150.0 B -3.05 -0.34
758 23 22 150.0 B -3.66 0.01
759 23 23 150.0 B -4.89 0.01
760 23 24 150.0 B 1.84 -5.62
761 23 25 150.0 B 0.0 -5.98
762 23 26 150.0 B -1.84 -4.91
763 23 27 150.0 B -5.79 1.22
764 23 28 150.0 B -5.18 2.99
765 23 29 150.0 B 3.95 4.41
766 23 30 150.0 B 5.18 2.99
767 23 31 150.0 B 5.18 0.86
768 24 0 90.0 A -1.84 1.75
769 24 1 90.0 A -1.23 2.1
770 24 2 90.0 A -0.61 2.46
771 24 3 90.0 B 0.0 2.81
772 24 4 90.0 A 0.61 3.88
773 24 5 90.0 A 1.23 5.65
774 24 6 90.0 A 1.84 4.59
775 24 7 90.0 B 2.46 2.81
776 24 8 90.0 A 3.05 -2.47
777 24 9 90.0 A 4.28 -3.89
778 24 10 90.0 A 3.05 -3.89
779 24 11 90.0 B 1.21 -3.53
780 24 12 90.0 A 2.44 0.72
781 24 13 90.0 A 2.44 0.01
782 24 14 90.0 A 2.44 -0.7
783 24 15 90.0 B 2.44 -1.41
784 24 16 90.0 A -0.59 -2.47
785 24 17 90.0 A -1.21 -2.12
786 24 18 90.0 A -1.82 -1.76
787 24 19 90.0 B -2.44 -1.41
788 24 20 90.0 A -3.66 -1.41
789 24 21 90.0 A -5.51 -1.76
790 24 22 90.0 A -4.89 -0.7
791 24 23 90.0 B -3.66 0.72
792 24 24 90.0 B 0.61 -4.2
793 24 25 90.0 B -0.61 -5.62
794 24 26 90.0 B -2.46 -5.98
795 24 27 90.0 B -3.95 1.57
796 24 28 90.0 B -4.56 3.34
797 24 29 90.0 B 3.33 2.63
798 24 30 90.0 B 5.18 2.28
799 24 31 90.0 B 6.4 0.86
800 25 0 150.0 B -2.46 4.94
801 25 1 150.0 B -1.84 2.46
802 25 2 150.0 B -1.23 2.81
803 25 3 150.0 B 0.0 1.4
804 25 4 150.0 B 0.61 3.88
805 25 5 150.0 A 1.23 5.65
806 25 6 150.0 A 1.84 4.59
807 25 7 150.0 A 2.46 2.81
808 25 8 150.0 B 3.05 -2.47
809 25 9 150.0 A 4.28 -3.89
810 25 10 150.0 A 3.05 -3.89
811 25 11 150.0 A 1.21 -3.53
812 25 12 150.0 B 5.51 -0.34
813 25 13 150.0 B 3.05 0.37
814 25 14 150.0 B 3.05 -0.34
815 25 15 150.0 B 1.21 -0.7
816 25 16 150.0 B -3.05 -4.6
817 25 17 150.0 B -1.21 -2.82
818 25 18 150.0 B -1.82 -2.47
819 25 19 150.0 B -1.21 -0.7
820 25 20 150.0 B -3.66 -1.41
821 25 21 150.0 A -5.51 -1.76
822 25 22 150.0 A -4.89 -0.7
823 25 23 150.0 A -3.66 0.72
824 25 24 150.0 A 0.61 -4.2
825 25 25 150.0 A -0.61 -5.62
826 25 26 150.0 A -2.46 -5.98
827 25 27 150.0 A -3.95 1.57
828 25 28 150.0 A -4.56 3.34
829 25 29 150.0 A 3.33 2.63
830 25 30 150.0 A 5.18 2.28
831 25 31 150.0 A 6.4 0.86
832 26 0 90.0 B -1.23 1.4
833 26 1 90.0 B -0.61 1.75
834 26 2 90.0 B 0.0 2.1
835 26 3 90.0 A 0.0 2.81
836 26 4 90.0 B 0.61 6.0
837 26 5 90.0 B 1.23 4.94
838 26 6 90.0 B 1.84 3.88
839 26 7 90.0 A 2.46 2.81
840 26 8 90.0 B 4.89 -3.53
841 26 9 90.0 B 3.66 -3.53
842 26 10 90.0 B 2.44 -3.53
843 26 11 90.0 A 1.21 -3.53
844 26 12 90.0 B 1.82 0.37
845 26 13 90.0 B 1.82 -0.34
846 26 14 90.0 B 1.82 -1.05
847 26 15 90.0 A 2.44 -1.41
848 26 16 90.0 B -0.59 -1.76
849 26 17 90.0 B -1.21 -1.41
850 26 18 90.0 B -1.82 -1.05
851 26 19 90.0 A -2.44 -1.41
852 26 20 90.0 B -5.51 -2.47
853 26 21 90.0 B -4.89 -1.41
854 26 22 90.0 B -4.28 -0.34
855 26 23 90.0 A -3.66 0.72
856 26 24 90.0 A 0.61 -4.2
857 26 25 90.0 A -0.61 -5.62
858 26 26 90.0 A -2.46 -5.98
859 26 27 90.0 A -3.95 1.57
860 26 28 90.0 A -4.56 3.34
861 26 29 90.0 A 3.33 2.63
862 26 30 90.0 A 5.18 2.28
863 26 31 90.0 A 6.4 0.86
864 27 0 150.0 A -1.84 1.75
865 27 1 150.0 A -1.23 2.1
866 27 2 150.0 A -0.61 2.46
867 27 3 150.0 A 0.0 2.81
868 27 4 150.0 A 0.61 6.0
869 27 5 150.0 B 1.23 5.65
870 27 6 150.0 B 1.84 4.59
871 27 7 150.0 B 2.46 2.81
872 27 8 150.0 A 4.89 -3.53
873 27 9 150.0 B 4.28 -3.89
874 27 10 150.0 B 3.05 -3.89
875 27 11 150.0 B 1.21 -3.53
876 27 12 150.0 A 2.44 0.72
877 27 13 150.0 A 2.44 0.01
878 27 14 150.0 A 2.44 -0.7
879 27 15 150.0 A 2.44 -1.41
880 27 16 150.0 A -0.59 -2.47
881 27 17 150.0 A -1.21 -2.12
882 27 18 150.0 A -1.82 -1.76
883 27 19 150.0 A -2.44 -1.41
884 27 20 150.0 A -5.51 -2.47
885 27 21 150.0 B -5.51 -1.76
886 27 22 150.0 B -4.89 -0.7
887 27 23 150.0 B -3.66 0.72
888 27 24 150.0 B 0.61 -4.2
889 27 25 150.0 B -0.61 -5.62
890 27 26 150.0 B -2.46 -5.98
891 27 27 150.0 B -3.95 1.57
892 27 28 150.0 B -4.56 3.34
893 27 29 150.0 B 3.33 2.63
894 27 30 150.0 B 5.18 2.28
895 27 31 150.0 B 6.4 0.86
896 28 0 90.0 A -1.23 1.4
897 28 1 90.0 A -0.61 1.75
898 28 2 90.0 A 0.0 2.1
899 28 3 0.0 X -3.33 4.76
900 28 4 90.0 A 0.61 6.0
901 28 5 90.0 A 1.23 4.94
902 28 6 90.0 A 1.84 3.88
903 28 7 90.0 B 2.46 3.52
904 28 8 90.0 A 4.89 -3.53
905 28 9 90.0 A 3.66 -3.53
906 28 10 90.0 A 2.44 -3.53
907 28 11 90.0 B 1.82 -3.89
908 28 12 90.0 A 1.82 0.37
909 28 13 90.0 A 1.82 -0.34
910 28 14 90.0 A 1.82 -1.05
911 28 15 0.0 X -3.33 4.76
912 28 16 90.0 A -0.59 -1.76
913 28 17 90.0 A -1.21 -1.41
914 28 18 90.0 A -1.82 -1.05
915 28 19 0.0 X -3.33 4.76
916 28 20 90.0 A -5.51 -2.47
917 28 21 90.0 A -4.89 -1.41
918 28 22 90.0 A -4.28 -0.34
919 28 23 90.0 B -4.28 0.37
920 28 24 90.0 B -0.61 -4.2
921 28 25 90.0 B -1.23 -5.98
922 28 26 90.0 B -2.46 -5.27
923 28 27 90.0 B -3.33 2.63
924 28 28 90.0 B -4.56 4.05
925 28 29 90.0 B 3.95 1.57
926 28 30 90.0 B 5.79 1.92
927 28 31 90.0 B 5.79 0.51
928 29 0 150.0 B -1.84 1.75
929 29 1 150.0 B -1.23 2.1
930 29 2 150.0 B -0.61 2.46
931 29 3 150.0 B 0.0 2.81
932 29 4 150.0 B 0.61 6.0
933 29 5 150.0 A 1.23 4.94
934 29 6 150.0 A 1.84 3.88
935 29 7 150.0 A 2.46 3.52
936 29 8 150.0 B 4.89 -3.53
937 29 9 150.0 A 3.66 -3.53
938 29 10 150.0 A 2.44 -3.53
939 29 11 150.0 A 1.82 -3.89
940 29 12 150.0 B 2.44 0.72
941 29 13 150.0 B 2.44 0.01
942 29 14 150.0 B 2.44 -0.7
943 29 15 150.0 B 2.44 -1.41
944 29 16 150.0 B -0.59 -2.47
945 29 17 150.0 B -1.21 -2.12
946 29 18 150.0 B -1.82 -1.76
947 29 19 150.0 B -2.44 -1.41
948 29 20 150.0 B -5.51 -2.47
949 29 21 150.0 A -4.89 -1.41
950 29 22 150.0 A -4.28 -0.34
951 29 23 150.0 A -4.28 0.37
952 29 24 150.0 A -0.61 -4.2
953 29 25 150.0 A -1.23 -5.98
954 29 26 150.0 A -2.46 -5.27
955 29 27 150.0 A -3.33 2.63
956 29 28 150.0 A -4.56 4.05
957 29 29 150.0 A 3.95 1.57
958 29 30 150.0 A 5.79 1.92
959 29 31 150.0 A 5.79 0.51
960 30 0 90.0 B -0.61 1.04
961 30 1 90.0 B 0.0 0.69
962 30 2 90.0 B -0.61 5.29
963 30 3 0.0 X -3.33 4.76
964 30 4 90.0 B 0.61 5.29
965 30 5 90.0 B 1.23 4.23
966 30 6 90.0 B 0.61 1.04
967 30 7 90.0 A 2.46 3.52
968 30 8 90.0 B 4.28 -3.18
969 30 9 90.0 B 3.05 -3.18
970 30 10 90.0 B 0.59 -1.05
971 30 11 90.0 A 1.82 -3.89
972 30 12 90.0 B 1.21 0.01
973 30 13 90.0 B 0.59 -0.34
974 30 14 90.0 B 4.89 -2.12
975 30 15 0.0 X -3.33 4.76
976 30 16 90.0 B -0.59 -1.05
977 30 17 90.0 B -0.59 -0.34
978 30 18 90.0 B -4.28 -3.18
979 30 19 0.0 X -3.33 4.76
980 30 20 90.0 B -4.89 -2.12
981 30 21 90.0 B -4.28 -1.05
982 30 22 90.0 B -1.21 0.01
983 30 23 90.0 A -4.28 0.37
984 30 24 90.0 A -0.61 -4.2
985 30 25 90.0 A -1.23 -5.98
986 30 26 90.0 A -2.46 -5.27
987 30 27 90.0 A -3.33 2.63
988 30 28 90.0 A -4.56 4.05
989 30 29 90.0 A 3.95 1.57
990 30 30 90.0 A 5.79 1.92
991 30 31 90.0 A 5.79 0.51
992 31 0 150.0 A -1.23 1.4
993 31 1 150.0 A -0.61 1.75
994 31 2 150.0 A 0.0 2.1
995 31 3 0.0 X -3.33 4.76
996 31 4 0.0 X -3.33 4.76
997 31 5 150.0 B 1.23 4.94
998 31 6 150.0 B 1.84 3.88
999 31 7 150.0 B 2.46 3.52
1000 31 8 0.0 X -3.33 4.76
1001 31 9 150.0 B 3.66 -3.53
1002 31 10 150.0 B 2.44 -3.53
1003 31 11 150.0 B 1.82 -3.89
1004 31 12 150.0 A 1.82 0.37
1005 31 13 150.0 A 1.82 -0.34
1006 31 14 150.0 A 1.82 -1.05
1007 31 15 0.0 X -3.33 4.76
1008 31 16 150.0 A -0.59 -1.76
1009 31 17 150.0 A -1.21 -1.41
1010 31 18 150.0 A -1.82 -1.05
1011 31 19 0.0 X -3.33 4.76
1012 31 20 0.0 X -3.33 4.76
1013 31 21 150.0 B -4.89 -1.41
1014 31 22 150.0 B -4.28 -0.34
1015 31 23 150.0 B -4.28 0.37
1016 31 24 150.0 B -0.61 -4.2
1017 31 25 150.0 B -1.23 -5.98
1018 31 26 150.0 B -2.46 -5.27
1019 31 27 150.0 B -3.33 2.63
1020 31 28 150.0 B -4.56 4.05
1021 31 29 150.0 B 3.95 1.57
1022 31 30 150.0 B 5.79 1.92
1023 31 31 150.0 B 5.79 0.51
1024 32 0 0.0 X 0.0 0.0
1025 32 1 0.0 X 0.0 0.0
1026 32 2 0.0 X 0.0 0.0
1027 32 3 0.0 X 0.0 0.0
1028 32 4 0.0 X 0.0 0.0
1029 32 5 0.0 X 0.0 0.0
1030 32 6 0.0 X 0.0 0.0
1031 32 7 0.0 X 0.0 0.0
1032 32 8 0.0 X 0.0 0.0
1033 32 9 0.0 X 0.0 0.0
1034 32 10 0.0 X 0.0 0.0
1035 32 11 0.0 X 0.0 0.0
1036 32 12 0.0 X 0.0 0.0
1037 32 13 0.0 X 0.0 0.0
1038 32 14 0.0 X 0.0 0.0
1039 32 15 0.0 X 0.0 0.0
1040 32 16 0.0 X 0.0 0.0
1041 32 17 0.0 X 0.0 0.0
1042 32 18 0.0 X 0.0 0.0
1043 32 19 0.0 X 0.0 0.0
1044 32 20 0.0 X 0.0 0.0
1045 32 21 0.0 X 0.0 0.0
1046 32 22 0.0 X 0.0 0.0
1047 32 23 0.0 X 0.0 0.0
1048 32 24 0.0 X 0.0 0.0
1049 32 25 0.0 X 0.0 0.0
1050 32 26 0.0 X 0.0 0.0
1051 32 27 0.0 X 0.0 0.0
1052 32 28 0.0 X 0.0 0.0
1053 32 29 0.0 X 0.0 0.0
1054 32 30 0.0 X 0.0 0.0
